-2.9604148133128075e-8 2.463065124685272
0.00035997163922608846 50.35961638944832
0.000875971941188399 119.13449312517662
0.0014279560852066588 194.05371080595808
0.0019799698333730523 266.50986336205415
0.0024360217353655597 322.99161758545597
0.0028921032415061996 377.0103066841725
0.003300181621448797 424.8890954600557
0.0037202940876075556 471.53191105137637
0.0041524110358343415 519.4018185828197
0.0045725679082152994 562.3500364871124
0.005016778150954512 604.0578405846227
0.005388991105433693 635.9400279167116
0.005665212609590855 654.3108820407915
0.005821300480623345 667.8000121377006
0.005881367297185682 670.2408741512861
0.005905598292432736 654.2220695963917
0.005919453033759091 501.507591243685
0.005932996931530047 374.6552967001736
0.005946555631375068 246.5714695943194
0.0059477842035225974 144.35426691988062
0.005960558393442089 81.54166561818636
0.005949205202632993 26.127140934987665
0.005961505726182353 2.723581628257648
0.006562469933287051 2.5015505172583516
0.007175453424533846 2.275078784039124
