"arc_length","pf","phi"
0,1.594313e-02,1.471302e-02
0.000999987,1.481616e-02,1.472322e-02
0.002,1.481616e-02,1.473342e-02
0.00299999,1.481616e-02,1.474361e-02
0.00400001,1.481616e-02,1.475381e-02
0.005,1.481616e-02,1.476401e-02
0.00600001,1.481616e-02,1.477421e-02
0.007,1.481616e-02,1.478441e-02
0.00799999,1.481616e-02,1.479460e-02
0.009,1.481616e-02,1.480480e-02
0.00999999,1.481616e-02,1.481500e-02
0.011,1.481616e-02,1.482520e-02
0.012,1.481616e-02,1.483539e-02
0.013,1.481616e-02,1.484559e-02
0.014,1.481616e-02,1.485579e-02
0.015,1.481616e-02,1.486599e-02
0.016,1.481616e-02,1.487619e-02
0.017,1.481616e-02,1.488638e-02
0.018,1.481616e-02,1.489658e-02
0.019,1.481616e-02,1.490678e-02
0.02,1.481616e-02,1.491698e-02
0.021,1.481616e-02,1.492718e-02
0.022,1.481616e-02,1.493737e-02
0.023,1.481616e-02,1.494757e-02
0.024,1.481616e-02,1.495777e-02
0.025,1.481616e-02,1.496797e-02
0.026,1.481616e-02,1.497817e-02
0.027,1.481616e-02,1.498836e-02
0.028,1.481616e-02,1.499856e-02
0.029,1.481616e-02,1.500876e-02
0.03,1.481616e-02,1.501896e-02
0.031,1.481616e-02,1.502916e-02
0.032,1.481616e-02,1.503935e-02
0.033,1.566847e-02,1.505321e-02
0.034,1.566847e-02,1.510324e-02
0.035,1.566847e-02,1.515328e-02
0.036,1.566847e-02,1.520331e-02
0.037,1.566847e-02,1.525335e-02
0.038,1.566847e-02,1.530338e-02
0.039,1.566847e-02,1.535342e-02
0.04,1.566847e-02,1.540345e-02
0.041,1.566847e-02,1.545349e-02
0.042,1.566847e-02,1.550352e-02
0.043,1.566847e-02,1.555356e-02
0.044,1.566847e-02,1.560359e-02
0.045,1.566847e-02,1.565362e-02
0.046,1.566847e-02,1.570366e-02
0.047,1.566847e-02,1.575369e-02
0.048,1.566847e-02,1.580373e-02
0.049,1.566847e-02,1.585376e-02
0.05,1.566847e-02,1.590380e-02
0.051,1.566847e-02,1.595383e-02
0.052,1.566847e-02,1.600387e-02
0.053,1.566847e-02,1.605390e-02
0.054,1.566847e-02,1.610394e-02
0.055,1.566847e-02,1.615398e-02
0.056,1.566847e-02,1.620401e-02
0.057,1.566847e-02,1.625405e-02
0.058,1.566847e-02,1.630408e-02
0.059,1.566847e-02,1.635411e-02
0.06,1.566847e-02,1.640415e-02
0.061,1.566847e-02,1.645418e-02
0.062,1.566847e-02,1.650422e-02
0.063,1.566847e-02,1.655425e-02
0.064,1.696754e-02,1.660971e-02
0.065,1.696754e-02,1.666572e-02
0.066,1.696754e-02,1.672172e-02
0.067,1.696754e-02,1.677772e-02
0.068,1.696754e-02,1.683373e-02
0.069,1.696754e-02,1.688973e-02
0.07,1.696754e-02,1.694574e-02
0.071,1.696754e-02,1.700174e-02
0.072,1.696754e-02,1.705774e-02
0.073,1.696754e-02,1.711375e-02
0.074,1.818427e-02,1.716929e-02
0.075,1.818427e-02,1.722392e-02
0.076,1.818427e-02,1.727855e-02
0.077,1.818427e-02,1.733318e-02
0.078,1.818427e-02,1.738781e-02
0.079,1.818427e-02,1.744244e-02
0.08,1.818427e-02,1.749707e-02
0.081,1.818427e-02,1.755169e-02
0.082,1.818427e-02,1.760632e-02
0.083,1.818427e-02,1.766095e-02
0.084,1.818427e-02,1.771558e-02
0.085,1.834969e-02,1.777005e-02
0.086,1.834969e-02,1.782415e-02
0.087,1.834969e-02,1.787825e-02
0.088,1.834969e-02,1.793234e-02
0.089,1.834969e-02,1.798644e-02
0.09,1.834969e-02,1.804054e-02
0.091,1.834969e-02,1.809464e-02
0.092,1.834969e-02,1.814874e-02
0.093,1.834969e-02,1.820284e-02
0.094,1.834969e-02,1.825693e-02
0.095,1.834969e-02,1.831103e-02
0.096,1.834969e-02,1.836513e-02
0.097,1.834969e-02,1.841923e-02
0.098,1.834969e-02,1.847333e-02
0.099,1.834969e-02,1.852743e-02
0.1,1.834969e-02,1.858152e-02
0.101,1.834969e-02,1.863562e-02
0.102,1.834969e-02,1.868972e-02
0.103,1.834969e-02,1.874382e-02
0.104,1.834969e-02,1.879792e-02
0.105,1.834969e-02,1.885202e-02
0.106,1.834969e-02,1.890611e-02
0.107,1.834969e-02,1.896021e-02
0.108,1.834969e-02,1.901431e-02
0.109,1.834969e-02,1.906841e-02
0.11,1.834969e-02,1.912251e-02
0.111,2.012427e-02,1.917713e-02
0.112,2.012427e-02,1.923286e-02
0.113,2.012427e-02,1.928860e-02
0.114,2.012427e-02,1.934433e-02
0.115,2.012427e-02,1.940006e-02
0.116,2.012427e-02,1.945579e-02
0.117,2.012427e-02,1.951152e-02
0.118,2.012427e-02,1.956726e-02
0.119,2.012427e-02,1.962299e-02
0.12,2.012427e-02,1.967872e-02
0.121,2.012427e-02,1.973445e-02
0.122,2.012427e-02,1.979018e-02
0.123,2.012427e-02,1.984591e-02
0.124,2.012427e-02,1.990165e-02
0.125,2.012427e-02,1.995738e-02
0.126,2.012427e-02,2.001311e-02
0.127,2.012427e-02,2.006884e-02
0.128,2.012427e-02,2.012457e-02
0.129,2.012427e-02,2.018031e-02
0.13,2.012427e-02,2.023604e-02
0.131,2.012427e-02,2.029177e-02
0.132,2.012427e-02,2.034750e-02
0.133,2.012427e-02,2.040323e-02
0.134,2.048894e-02,2.045881e-02
0.135,2.048894e-02,2.051408e-02
0.136,2.048894e-02,2.056935e-02
0.137,2.048894e-02,2.062461e-02
0.138,2.048894e-02,2.067988e-02
0.139,2.048894e-02,2.073515e-02
0.14,2.048894e-02,2.079041e-02
0.141,2.048894e-02,2.084568e-02
0.142,2.048894e-02,2.090095e-02
0.143,2.048894e-02,2.095622e-02
0.144,2.048894e-02,2.101148e-02
0.145,2.048894e-02,2.106675e-02
0.146,2.048894e-02,2.112202e-02
0.147,2.048894e-02,2.117729e-02
0.148,2.048894e-02,2.123255e-02
0.149,2.048894e-02,2.128782e-02
0.15,2.212666e-02,2.134098e-02
0.151,2.212666e-02,2.139389e-02
0.152,2.212666e-02,2.144679e-02
0.153,2.212666e-02,2.149969e-02
0.154,2.212666e-02,2.155260e-02
0.155,2.212666e-02,2.160550e-02
0.156,2.212666e-02,2.165840e-02
0.157,2.212666e-02,2.171130e-02
0.158,2.212666e-02,2.176420e-02
0.159,2.212666e-02,2.181711e-02
0.16,2.212666e-02,2.187001e-02
0.161,2.212666e-02,2.192291e-02
0.162,2.212666e-02,2.197582e-02
0.163,2.212666e-02,2.202872e-02
0.164,2.212666e-02,2.208162e-02
0.165,2.212666e-02,2.213452e-02
0.166,2.212666e-02,2.218743e-02
0.167,2.212666e-02,2.224033e-02
0.168,2.212666e-02,2.229323e-02
0.169,2.212666e-02,2.234613e-02
0.17,2.212666e-02,2.239904e-02
0.171,2.212666e-02,2.245194e-02
0.172,2.212666e-02,2.250484e-02
0.173,2.170904e-02,2.255820e-02
0.174,2.170904e-02,2.261260e-02
0.175,2.170904e-02,2.266701e-02
0.176,2.170904e-02,2.272142e-02
0.177,2.170904e-02,2.277583e-02
0.178,2.170904e-02,2.283023e-02
0.179,2.170904e-02,2.288464e-02
0.18,2.170904e-02,2.293905e-02
0.181,2.170904e-02,2.299346e-02
0.182,2.170904e-02,2.304787e-02
0.183,2.254716e-02,2.310553e-02
0.184,2.254716e-02,2.316559e-02
0.185,2.254716e-02,2.322565e-02
0.186,2.254716e-02,2.328571e-02
0.187,2.254716e-02,2.334577e-02
0.188,2.254716e-02,2.340583e-02
0.189,2.388296e-02,2.346576e-02
0.19,2.388296e-02,2.352563e-02
0.191,2.388296e-02,2.358551e-02
0.192,2.388296e-02,2.364539e-02
0.193,2.388296e-02,2.370526e-02
0.194,2.388296e-02,2.376514e-02
0.195,2.388296e-02,2.382501e-02
0.196,2.388296e-02,2.388489e-02
0.197,2.388296e-02,2.394476e-02
0.198,2.388296e-02,2.400464e-02
0.199,2.388296e-02,2.406452e-02
0.2,2.388296e-02,2.412439e-02
0.201,2.459094e-02,2.418113e-02
0.202,2.459094e-02,2.423551e-02
0.203,2.459094e-02,2.428989e-02
0.204,2.459094e-02,2.434427e-02
0.205,2.459094e-02,2.439865e-02
0.206,2.459094e-02,2.445303e-02
0.207,2.459094e-02,2.450741e-02
0.208,2.459094e-02,2.456180e-02
0.209,2.459094e-02,2.461618e-02
0.21,2.459094e-02,2.467056e-02
0.211,2.459094e-02,2.472494e-02
0.212,2.459094e-02,2.477932e-02
0.213,2.459094e-02,2.483370e-02
0.214,2.459094e-02,2.488808e-02
0.215,2.459094e-02,2.494246e-02
0.216,2.564734e-02,2.499420e-02
0.217,2.564734e-02,2.504265e-02
0.218,2.564734e-02,2.509110e-02
0.219,2.564734e-02,2.513955e-02
0.22,2.564734e-02,2.518800e-02
0.221,2.564734e-02,2.523645e-02
0.222,2.564734e-02,2.528490e-02
0.223,2.564734e-02,2.533335e-02
0.224,2.564734e-02,2.538181e-02
0.225,2.581607e-02,2.543562e-02
0.226,2.581607e-02,2.549077e-02
0.227,2.581607e-02,2.554592e-02
0.228,2.581607e-02,2.560107e-02
0.229,2.581607e-02,2.565622e-02
0.23,2.581607e-02,2.571137e-02
0.231,2.581607e-02,2.576652e-02
0.232,2.581607e-02,2.582167e-02
0.233,2.581607e-02,2.587682e-02
0.234,2.581607e-02,2.593197e-02
0.235,2.581607e-02,2.598713e-02
0.236,2.581607e-02,2.604227e-02
0.237,2.581607e-02,2.609742e-02
0.238,2.581607e-02,2.615258e-02
0.239,2.581607e-02,2.620773e-02
0.24,2.581607e-02,2.626288e-02
0.241,2.581607e-02,2.631803e-02
0.242,2.675868e-02,2.636373e-02
0.243,2.675868e-02,2.640677e-02
0.244,2.675868e-02,2.644982e-02
0.245,2.675868e-02,2.649286e-02
0.246,2.675868e-02,2.653591e-02
0.247,2.675868e-02,2.657895e-02
0.248,2.675868e-02,2.662200e-02
0.249,2.675868e-02,2.666504e-02
0.25,2.675868e-02,2.670809e-02
0.251,2.675868e-02,2.675113e-02
0.252,2.688064e-02,2.679743e-02
0.253,2.688064e-02,2.684974e-02
0.254,2.688064e-02,2.690205e-02
0.255,2.688064e-02,2.695436e-02
0.256,2.688064e-02,2.700668e-02
0.257,2.688064e-02,2.705899e-02
0.258,2.688064e-02,2.711130e-02
0.259,2.688064e-02,2.716362e-02
0.26,2.688064e-02,2.721593e-02
0.261,2.688064e-02,2.726824e-02
0.262,2.762112e-02,2.731102e-02
0.263,2.762112e-02,2.735297e-02
0.264,2.762112e-02,2.739492e-02
0.265,2.762112e-02,2.743687e-02
0.266,2.762112e-02,2.747881e-02
0.267,2.762112e-02,2.752076e-02
0.268,2.762112e-02,2.756271e-02
0.269,2.762112e-02,2.760466e-02
0.27,2.762112e-02,2.764660e-02
0.271,2.762112e-02,2.768855e-02
0.272,2.762112e-02,2.773050e-02
0.273,2.762112e-02,2.777245e-02
0.274,2.762112e-02,2.781439e-02
0.275,2.762112e-02,2.785634e-02
0.276,2.762112e-02,2.789829e-02
0.277,2.762112e-02,2.794024e-02
0.278,2.762112e-02,2.798218e-02
0.279,2.762112e-02,2.802413e-02
0.28,2.762112e-02,2.806608e-02
0.281,2.782316e-02,2.811036e-02
0.282,2.840919e-02,2.815198e-02
0.283,2.844554e-02,2.818540e-02
0.284,2.844554e-02,2.821733e-02
0.285,2.844554e-02,2.824926e-02
0.286,2.844554e-02,2.828119e-02
0.287,2.844554e-02,2.831312e-02
0.288,2.844554e-02,2.834505e-02
0.289,2.844554e-02,2.837698e-02
0.29,2.844554e-02,2.840890e-02
0.291,2.844554e-02,2.844083e-02
0.292,2.844554e-02,2.847276e-02
0.293,2.844554e-02,2.850469e-02
0.294,2.844554e-02,2.853662e-02
0.295,2.844554e-02,2.856855e-02
0.296,2.844554e-02,2.860048e-02
0.297,2.844554e-02,2.863240e-02
0.298,2.844554e-02,2.866433e-02
0.299,2.896230e-02,2.869839e-02
0.3,2.896230e-02,2.873840e-02
0.301,2.896230e-02,2.877842e-02
0.302,2.896230e-02,2.881844e-02
0.303,2.896230e-02,2.885845e-02
0.304,2.896230e-02,2.889847e-02
0.305,2.896230e-02,2.893849e-02
0.306,2.896230e-02,2.897850e-02
0.307,2.896230e-02,2.901852e-02
0.308,2.896230e-02,2.905854e-02
0.309,2.896230e-02,2.909855e-02
0.31,2.896230e-02,2.913857e-02
0.311,2.904302e-02,2.917357e-02
0.312,2.904302e-02,2.920193e-02
0.313,2.904302e-02,2.923029e-02
0.314,2.904302e-02,2.925864e-02
0.315,2.904302e-02,2.928700e-02
0.316,2.904302e-02,2.931536e-02
0.317,2.904302e-02,2.934371e-02
0.318,2.951457e-02,2.937791e-02
0.319,2.951457e-02,2.941328e-02
0.32,2.951457e-02,2.944865e-02
0.321,2.951457e-02,2.948401e-02
0.322,2.951457e-02,2.951938e-02
0.323,2.951457e-02,2.955475e-02
0.324,2.951457e-02,2.959012e-02
0.325,2.951457e-02,2.962548e-02
0.326,2.951457e-02,2.966085e-02
0.327,2.951457e-02,2.969622e-02
0.328,2.975266e-02,2.973119e-02
0.329,2.975266e-02,2.976609e-02
0.33,3.024524e-02,2.980500e-02
0.331,3.024524e-02,2.985568e-02
0.332,3.024524e-02,2.990636e-02
0.333,3.024524e-02,2.995705e-02
0.334,3.024524e-02,3.000773e-02
0.335,3.024524e-02,3.005842e-02
0.336,2.998620e-02,3.010667e-02
0.337,2.998620e-02,3.015372e-02
0.338,2.998620e-02,3.020076e-02
0.339,2.998620e-02,3.024781e-02
0.34,2.998620e-02,3.029486e-02
0.341,2.998620e-02,3.034191e-02
0.342,2.998620e-02,3.038896e-02
0.343,2.998620e-02,3.043600e-02
0.344,2.998620e-02,3.048305e-02
0.345,3.044522e-02,3.053303e-02
0.346,3.044522e-02,3.061003e-02
0.347,3.044522e-02,3.068704e-02
0.348,3.110872e-02,3.077020e-02
0.349,3.110872e-02,3.086201e-02
0.35,3.110872e-02,3.095383e-02
0.351,3.110872e-02,3.104565e-02
0.352,3.110872e-02,3.113746e-02
0.353,3.110872e-02,3.122928e-02
0.354,3.110872e-02,3.132110e-02
0.355,3.110872e-02,3.141292e-02
0.356,3.110872e-02,3.150473e-02
0.357,3.110872e-02,3.159655e-02
0.358,3.110872e-02,3.168837e-02
0.359,3.110872e-02,3.178018e-02
0.36,3.110872e-02,3.187200e-02
0.361,3.189789e-02,3.198094e-02
0.362,3.273017e-02,3.212511e-02
0.363,3.273017e-02,3.227160e-02
0.364,3.273017e-02,3.241809e-02
0.365,3.273017e-02,3.256458e-02
0.366,3.273017e-02,3.271107e-02
0.367,3.273017e-02,3.285757e-02
0.368,3.291467e-02,3.300322e-02
0.369,3.291467e-02,3.314884e-02
0.37,3.291467e-02,3.329445e-02
0.371,3.291467e-02,3.344007e-02
0.372,3.291467e-02,3.358569e-02
0.373,3.291467e-02,3.373130e-02
0.374,3.407778e-02,3.389423e-02
0.375,3.507394e-02,3.408891e-02
0.376,3.507394e-02,3.428454e-02
0.377,3.507394e-02,3.448017e-02
0.378,3.507394e-02,3.467581e-02
0.379,3.507394e-02,3.487144e-02
0.38,3.507394e-02,3.506707e-02
0.381,3.507394e-02,3.526270e-02
0.382,3.507394e-02,3.545833e-02
0.383,3.507394e-02,3.565397e-02
0.384,3.507394e-02,3.584960e-02
0.385,3.507394e-02,3.604523e-02
0.386,3.640266e-02,3.627486e-02
0.387,3.758184e-02,3.651210e-02
0.388,3.758184e-02,3.675950e-02
0.389,3.758184e-02,3.700690e-02
0.39,3.758184e-02,3.725430e-02
0.391,3.758184e-02,3.750170e-02
0.392,3.758184e-02,3.774910e-02
0.393,3.758184e-02,3.799651e-02
0.394,3.758184e-02,3.824391e-02
0.395,3.758184e-02,3.849131e-02
0.396,3.919998e-02,3.875438e-02
0.397,3.919998e-02,3.905964e-02
0.398,4.047614e-02,3.936507e-02
0.399,4.047614e-02,3.967086e-02
0.4,4.047614e-02,3.997665e-02
0.401,4.047614e-02,4.028244e-02
0.402,4.047614e-02,4.058824e-02
0.403,4.047614e-02,4.089403e-02
0.404,4.047614e-02,4.119982e-02
0.405,4.233299e-02,4.152469e-02
0.406,4.233299e-02,4.188785e-02
0.407,4.233299e-02,4.225100e-02
0.408,4.233299e-02,4.261416e-02
0.409,4.233299e-02,4.297732e-02
0.41,4.233299e-02,4.334047e-02
0.411,4.242492e-02,4.369668e-02
0.412,4.242492e-02,4.404482e-02
0.413,4.477728e-02,4.447351e-02
0.414,4.603697e-02,4.491096e-02
0.415,4.603697e-02,4.535523e-02
0.416,4.603697e-02,4.579950e-02
0.417,4.603697e-02,4.624376e-02
0.418,4.603697e-02,4.668803e-02
0.419,4.603697e-02,4.713229e-02
0.42,4.603697e-02,4.757656e-02
0.421,4.851522e-02,4.812893e-02
0.422,4.851522e-02,4.869103e-02
0.423,4.851522e-02,4.925313e-02
0.424,5.077189e-02,4.982127e-02
0.425,5.077189e-02,5.044319e-02
0.426,5.077189e-02,5.106512e-02
0.427,5.077189e-02,5.168705e-02
0.428,5.077189e-02,5.230898e-02
0.429,5.077189e-02,5.293091e-02
0.43,5.288013e-02,5.356154e-02
0.431,5.288013e-02,5.424090e-02
0.432,5.594976e-02,5.494777e-02
0.433,5.594976e-02,5.580673e-02
0.434,5.770449e-02,5.666593e-02
0.435,5.770449e-02,5.752899e-02
0.436,5.770449e-02,5.839205e-02
0.437,5.770449e-02,5.925510e-02
0.438,5.770449e-02,6.011816e-02
0.439,6.159998e-02,6.119305e-02
0.44,6.159998e-02,6.229048e-02
0.441,6.159998e-02,6.338790e-02
0.442,6.159998e-02,6.448533e-02
0.443,6.396381e-02,6.561705e-02
0.444,6.396381e-02,6.678140e-02
0.445,6.899671e-02,6.816837e-02
0.446,7.084340e-02,6.964193e-02
0.447,7.084340e-02,7.109793e-02
0.448,7.084340e-02,7.255391e-02
0.449,7.084340e-02,7.400991e-02
0.45,7.084340e-02,7.546590e-02
0.451,7.583623e-02,7.730467e-02
0.452,7.583623e-02,7.915502e-02
0.453,7.583623e-02,8.100537e-02
0.454,7.844225e-02,8.286995e-02
0.455,8.234664e-02,8.506194e-02
0.456,8.528124e-02,8.731543e-02
0.457,8.528124e-02,8.956913e-02
0.458,8.981988e-02,9.212398e-02
0.459,8.981988e-02,9.472874e-02
0.46,9.387770e-02,9.744352e-02
0.461,9.933023e-02,1.003811e-01
0.462,9.933023e-02,1.036149e-01
0.463,9.933023e-02,1.068487e-01
0.464,1.056721e-01,1.102925e-01
0.465,1.109303e-01,1.140322e-01
0.466,1.109303e-01,1.178511e-01
0.467,1.183970e-01,1.219893e-01
0.468,1.183970e-01,1.266191e-01
0.469,1.183970e-01,1.312490e-01
0.47,1.362608e-01,1.358788e-01
0.471,1.362608e-01,1.415043e-01
0.472,1.362608e-01,1.471297e-01
0.473,1.453615e-01,1.531904e-01
0.474,1.453615e-01,1.597171e-01
0.475,1.595855e-01,1.662217e-01
0.476,1.717863e-01,1.741274e-01
0.477,1.717863e-01,1.822423e-01
0.478,1.717863e-01,1.903572e-01
0.479,1.903465e-01,1.993085e-01
0.48,1.903465e-01,2.091073e-01
0.481,2.048175e-01,2.195041e-01
0.482,2.048175e-01,2.301771e-01
0.483,2.276413e-01,2.425915e-01
0.484,2.276413e-01,2.554454e-01
0.485,2.383233e-01,2.682924e-01
0.486,2.628258e-01,2.828646e-01
0.487,2.821786e-01,2.987815e-01
0.488,2.821786e-01,3.147745e-01
0.489,3.070134e-01,3.314814e-01
0.49,3.360015e-01,3.502997e-01
0.491,3.360015e-01,3.695698e-01
0.492,3.555427e-01,3.888775e-01
0.493,4.204617e-01,4.103735e-01
0.494,4.204617e-01,4.337237e-01
0.495,4.204617e-01,4.570739e-01
0.496,4.569293e-01,4.806633e-01
0.497,5.031321e-01,5.069842e-01
0.498,5.031321e-01,5.351355e-01
0.499,5.406495e-01,5.632546e-01
0.5,5.406495e-01,5.912731e-01
0.501,9.960253e-01,5.868850e-01
0.502,9.960253e-01,5.804758e-01
0.503,9.960253e-01,5.740665e-01
0.504,9.960253e-01,5.676572e-01
0.505,4.447386e-01,5.507743e-01
0.506,4.447386e-01,5.208429e-01
0.507,4.447386e-01,4.909115e-01
0.508,4.447386e-01,4.609801e-01
0.509,4.447386e-01,4.310488e-01
0.51,3.873005e-01,4.084401e-01
0.511,3.596779e-01,3.861972e-01
0.512,3.252274e-01,3.652026e-01
0.513,3.252274e-01,3.456327e-01
0.514,2.909951e-01,3.265897e-01
0.515,2.909951e-01,3.096458e-01
0.516,2.668323e-01,2.932802e-01
0.517,2.668323e-01,2.771438e-01
0.518,2.407120e-01,2.630966e-01
0.519,2.407120e-01,2.500109e-01
0.52,2.216794e-01,2.374682e-01
0.521,2.023776e-01,2.257058e-01
0.522,2.023776e-01,2.144733e-01
0.523,1.866587e-01,2.043139e-01
0.524,1.866587e-01,1.950499e-01
0.525,1.768766e-01,1.858165e-01
0.526,1.605514e-01,1.777446e-01
0.527,1.605514e-01,1.699096e-01
0.528,1.506463e-01,1.626288e-01
0.529,1.506463e-01,1.559154e-01
0.53,1.506463e-01,1.492020e-01
0.531,1.287299e-01,1.436526e-01
0.532,1.287299e-01,1.381032e-01
0.533,1.287299e-01,1.325538e-01
0.534,1.196806e-01,1.275733e-01
0.535,1.196806e-01,1.230077e-01
0.536,1.131646e-01,1.185360e-01
0.537,1.057684e-01,1.145084e-01
0.538,1.057684e-01,1.107560e-01
0.539,1.057684e-01,1.070036e-01
0.54,9.929670e-02,1.033102e-01
0.541,9.425811e-02,1.002415e-01
0.542,9.425811e-02,9.719589e-02
0.543,9.425811e-02,9.415027e-02
0.544,8.543663e-02,9.142367e-02
0.545,8.543663e-02,8.885102e-02
0.546,8.543663e-02,8.627837e-02
0.547,8.038839e-02,8.409273e-02
0.548,8.038839e-02,8.197516e-02
0.549,7.705990e-02,7.990808e-02
0.55,7.705990e-02,7.784745e-02
0.551,7.169909e-02,7.593769e-02
0.552,7.169909e-02,7.431874e-02
0.553,7.169909e-02,7.269980e-02
0.554,6.954332e-02,7.108050e-02
0.555,6.954332e-02,6.943950e-02
0.556,6.420284e-02,6.784590e-02
0.557,6.420284e-02,6.657556e-02
0.558,6.193841e-02,6.531630e-02
0.559,6.193841e-02,6.409147e-02
0.56,6.193841e-02,6.286664e-02
0.561,6.193841e-02,6.164180e-02
0.562,5.785088e-02,6.043753e-02
0.563,5.785088e-02,5.948707e-02
0.564,5.785088e-02,5.853660e-02
0.565,5.785088e-02,5.758614e-02
0.566,5.785088e-02,5.663568e-02
0.567,5.576583e-02,5.569057e-02
0.568,5.576583e-02,5.474580e-02
0.569,5.248858e-02,5.397331e-02
0.57,5.248858e-02,5.323201e-02
0.571,5.047538e-02,5.253655e-02
0.572,5.047538e-02,5.184929e-02
0.573,5.047538e-02,5.116203e-02
0.574,5.047538e-02,5.047477e-02
0.575,5.047538e-02,4.978750e-02
0.576,5.047538e-02,4.910025e-02
0.577,4.743199e-02,4.848303e-02
0.578,4.743199e-02,4.787369e-02
0.579,4.743199e-02,4.726434e-02
0.58,4.500507e-02,4.666623e-02
0.581,4.500507e-02,4.619298e-02
0.582,4.500507e-02,4.571972e-02
0.583,4.500507e-02,4.524647e-02
0.584,4.500507e-02,4.477322e-02
0.585,4.500507e-02,4.429997e-02
0.586,4.500507e-02,4.382671e-02
0.587,4.411165e-02,4.335350e-02
0.588,4.148813e-02,4.288322e-02
0.589,4.148813e-02,4.250989e-02
0.59,4.086549e-02,4.213248e-02
0.591,4.086549e-02,4.175157e-02
0.592,4.086549e-02,4.137065e-02
0.593,4.086549e-02,4.098974e-02
0.594,4.086549e-02,4.060883e-02
0.595,4.086549e-02,4.022792e-02
0.596,3.901056e-02,3.988910e-02
0.597,3.901056e-02,3.957129e-02
0.598,3.901056e-02,3.925347e-02
0.599,3.901056e-02,3.893565e-02
0.6,3.901056e-02,3.861783e-02
0.601,3.901056e-02,3.830002e-02
0.602,3.901056e-02,3.798220e-02
0.603,3.758595e-02,3.768157e-02
0.604,3.758595e-02,3.738934e-02
0.605,3.618091e-02,3.712919e-02
0.606,3.618091e-02,3.688094e-02
0.607,3.618091e-02,3.663269e-02
0.608,3.618091e-02,3.638444e-02
0.609,3.618091e-02,3.613619e-02
0.61,3.618091e-02,3.588795e-02
0.611,3.618091e-02,3.563970e-02
0.612,3.618091e-02,3.539145e-02
0.613,3.618091e-02,3.514320e-02
0.614,3.483728e-02,3.491763e-02
0.615,3.368887e-02,3.470426e-02
0.616,3.368887e-02,3.451766e-02
0.617,3.368887e-02,3.433105e-02
0.618,3.368887e-02,3.414444e-02
0.619,3.368887e-02,3.395784e-02
0.62,3.368887e-02,3.377123e-02
0.621,3.368887e-02,3.358463e-02
0.622,3.368887e-02,3.339802e-02
0.623,3.368887e-02,3.321141e-02
0.624,3.368887e-02,3.302481e-02
0.625,3.368887e-02,3.283820e-02
0.626,3.272426e-02,3.265352e-02
0.627,3.176697e-02,3.251234e-02
0.628,3.176697e-02,3.238555e-02
0.629,3.176697e-02,3.225876e-02
0.63,3.176697e-02,3.213198e-02
0.631,3.176697e-02,3.200519e-02
0.632,3.176697e-02,3.187840e-02
0.633,3.163157e-02,3.175159e-02
0.634,3.163157e-02,3.162421e-02
0.635,3.163157e-02,3.149684e-02
0.636,3.163157e-02,3.136947e-02
0.637,3.163157e-02,3.124209e-02
0.638,3.163157e-02,3.111472e-02
0.639,3.091285e-02,3.098896e-02
0.64,3.027321e-02,3.089602e-02
0.641,3.027321e-02,3.082371e-02
0.642,3.027321e-02,3.075140e-02
0.643,3.027321e-02,3.067909e-02
0.644,3.027321e-02,3.060678e-02
0.645,3.027321e-02,3.053446e-02
0.646,3.027321e-02,3.046215e-02
0.647,3.027321e-02,3.038984e-02
0.648,3.027321e-02,3.031753e-02
0.649,3.027321e-02,3.024522e-02
0.65,3.027321e-02,3.017291e-02
0.651,3.027321e-02,3.010060e-02
0.652,3.027321e-02,3.002829e-02
0.653,2.973344e-02,2.996354e-02
0.654,2.973344e-02,2.990418e-02
0.655,2.973344e-02,2.984481e-02
0.656,2.939879e-02,2.980651e-02
0.657,2.939879e-02,2.977048e-02
0.658,2.939879e-02,2.973446e-02
0.659,2.939879e-02,2.969844e-02
0.66,2.939879e-02,2.966242e-02
0.661,2.939879e-02,2.962640e-02
0.662,2.939879e-02,2.959038e-02
0.663,2.939879e-02,2.955436e-02
0.664,2.939879e-02,2.951834e-02
0.665,2.968560e-02,2.948171e-02
0.666,2.968560e-02,2.944387e-02
0.667,2.968560e-02,2.940603e-02
0.668,2.968560e-02,2.936818e-02
0.669,2.968560e-02,2.933034e-02
0.67,2.968560e-02,2.929250e-02
0.671,2.926546e-02,2.925703e-02
0.672,2.926546e-02,2.922236e-02
0.673,2.900601e-02,2.918811e-02
0.674,2.900601e-02,2.915590e-02
0.675,2.900601e-02,2.912370e-02
0.676,2.900601e-02,2.909149e-02
0.677,2.900601e-02,2.905928e-02
0.678,2.900601e-02,2.902707e-02
0.679,2.900601e-02,2.899486e-02
0.68,2.900601e-02,2.896266e-02
0.681,2.900601e-02,2.893045e-02
0.682,2.900601e-02,2.889824e-02
0.683,2.861953e-02,2.886685e-02
0.684,2.861953e-02,2.883958e-02
0.685,2.861953e-02,2.881232e-02
0.686,2.861953e-02,2.878505e-02
0.687,2.861953e-02,2.875778e-02
0.688,2.861953e-02,2.873051e-02
0.689,2.861953e-02,2.870324e-02
0.69,2.849631e-02,2.867032e-02
0.691,2.849631e-02,2.863312e-02
0.692,2.849631e-02,2.859593e-02
0.693,2.849631e-02,2.855873e-02
0.694,2.849631e-02,2.852154e-02
0.695,2.849631e-02,2.848434e-02
0.696,2.849631e-02,2.844715e-02
0.697,2.849631e-02,2.840995e-02
0.698,2.849631e-02,2.837276e-02
0.699,2.849631e-02,2.833556e-02
0.7,2.849631e-02,2.829837e-02
0.701,2.849631e-02,2.826117e-02
0.702,2.801825e-02,2.822838e-02
0.703,2.801825e-02,2.819717e-02
0.704,2.801825e-02,2.816595e-02
0.705,2.801825e-02,2.813473e-02
0.706,2.801825e-02,2.810352e-02
0.707,2.801825e-02,2.807230e-02
0.708,2.801825e-02,2.804108e-02
0.709,2.801825e-02,2.800986e-02
0.71,2.801825e-02,2.797865e-02
0.711,2.801825e-02,2.794743e-02
0.712,2.801825e-02,2.791621e-02
0.713,2.801825e-02,2.788500e-02
0.714,2.801825e-02,2.785378e-02
0.715,2.801825e-02,2.782256e-02
0.716,2.801825e-02,2.779134e-02
0.717,2.801825e-02,2.776013e-02
0.718,2.797858e-02,2.772715e-02
0.719,2.734894e-02,2.768530e-02
0.72,2.717036e-02,2.764016e-02
0.721,2.717036e-02,2.759685e-02
0.722,2.717036e-02,2.755355e-02
0.723,2.717036e-02,2.751024e-02
0.724,2.717036e-02,2.746694e-02
0.725,2.717036e-02,2.742363e-02
0.726,2.717036e-02,2.738033e-02
0.727,2.717036e-02,2.733702e-02
0.728,2.717036e-02,2.729371e-02
0.729,2.717036e-02,2.725041e-02
0.73,2.717036e-02,2.720710e-02
0.731,2.717036e-02,2.716380e-02
0.732,2.717036e-02,2.712049e-02
0.733,2.717036e-02,2.707719e-02
0.734,2.717036e-02,2.703388e-02
0.735,2.717036e-02,2.699058e-02
0.736,2.717036e-02,2.694727e-02
0.737,2.717036e-02,2.690397e-02
0.738,2.717036e-02,2.686066e-02
0.739,2.639258e-02,2.681673e-02
0.74,2.639258e-02,2.676571e-02
0.741,2.639258e-02,2.671468e-02
0.742,2.639258e-02,2.666365e-02
0.743,2.639258e-02,2.661263e-02
0.744,2.639258e-02,2.656160e-02
0.745,2.639258e-02,2.651057e-02
0.746,2.639258e-02,2.645955e-02
0.747,2.639258e-02,2.640852e-02
0.748,2.639258e-02,2.635749e-02
0.749,2.628926e-02,2.631141e-02
0.75,2.628926e-02,2.626800e-02
0.751,2.628926e-02,2.622459e-02
0.752,2.628926e-02,2.618117e-02
0.753,2.628926e-02,2.613776e-02
0.754,2.628926e-02,2.609435e-02
0.755,2.628926e-02,2.605094e-02
0.756,2.628926e-02,2.600752e-02
0.757,2.628926e-02,2.596411e-02
0.758,2.628926e-02,2.592070e-02
0.759,2.540274e-02,2.587494e-02
0.76,2.540274e-02,2.582084e-02
0.761,2.540274e-02,2.576673e-02
0.762,2.540274e-02,2.571263e-02
0.763,2.540274e-02,2.565853e-02
0.764,2.540274e-02,2.560443e-02
0.765,2.540274e-02,2.555032e-02
0.766,2.540274e-02,2.549622e-02
0.767,2.540274e-02,2.544212e-02
0.768,2.540274e-02,2.538801e-02
0.769,2.540274e-02,2.533391e-02
0.77,2.540274e-02,2.527981e-02
0.771,2.540274e-02,2.522571e-02
0.772,2.540274e-02,2.517160e-02
0.773,2.540274e-02,2.511750e-02
0.774,2.540274e-02,2.506340e-02
0.775,2.540274e-02,2.500929e-02
0.776,2.523107e-02,2.495666e-02
0.777,2.523107e-02,2.490993e-02
0.778,2.523107e-02,2.486320e-02
0.779,2.523107e-02,2.481647e-02
0.78,2.523107e-02,2.476975e-02
0.781,2.523107e-02,2.472302e-02
0.782,2.523107e-02,2.467629e-02
0.783,2.523107e-02,2.462956e-02
0.784,2.523107e-02,2.458283e-02
0.785,2.420908e-02,2.453236e-02
0.786,2.420908e-02,2.447888e-02
0.787,2.420908e-02,2.442540e-02
0.788,2.420908e-02,2.437192e-02
0.789,2.420908e-02,2.431844e-02
0.79,2.420908e-02,2.426496e-02
0.791,2.420908e-02,2.421148e-02
0.792,2.420908e-02,2.415801e-02
0.793,2.420908e-02,2.410453e-02
0.794,2.420908e-02,2.405105e-02
0.795,2.420908e-02,2.399757e-02
0.796,2.420908e-02,2.394409e-02
0.797,2.420908e-02,2.389061e-02
0.798,2.420908e-02,2.383713e-02
0.799,2.420908e-02,2.378365e-02
0.8,2.348378e-02,2.372791e-02
0.801,2.348378e-02,2.366915e-02
0.802,2.348378e-02,2.361039e-02
0.803,2.348378e-02,2.355163e-02
0.804,2.348378e-02,2.349287e-02
0.805,2.348378e-02,2.343411e-02
0.806,2.348378e-02,2.337535e-02
0.807,2.348378e-02,2.331659e-02
0.808,2.348378e-02,2.325783e-02
0.809,2.348378e-02,2.319907e-02
0.81,2.348378e-02,2.314031e-02
0.811,2.348378e-02,2.308155e-02
0.812,2.216573e-02,2.302315e-02
0.813,2.216573e-02,2.296571e-02
0.814,2.216573e-02,2.290828e-02
0.815,2.216573e-02,2.285084e-02
0.816,2.216573e-02,2.279341e-02
0.817,2.216573e-02,2.273597e-02
0.818,2.138507e-02,2.268078e-02
0.819,2.138507e-02,2.262863e-02
0.82,2.138507e-02,2.257649e-02
0.821,2.138507e-02,2.252434e-02
0.822,2.138507e-02,2.247219e-02
0.823,2.138507e-02,2.242005e-02
0.824,2.138507e-02,2.236790e-02
0.825,2.138507e-02,2.231575e-02
0.826,2.138507e-02,2.226361e-02
0.827,2.138507e-02,2.221146e-02
0.828,2.177479e-02,2.216006e-02
0.829,2.177479e-02,2.210897e-02
0.83,2.177479e-02,2.205789e-02
0.831,2.177479e-02,2.200680e-02
0.832,2.177479e-02,2.195572e-02
0.833,2.177479e-02,2.190463e-02
0.834,2.177479e-02,2.185355e-02
0.835,2.177479e-02,2.180246e-02
0.836,2.177479e-02,2.175138e-02
0.837,2.177479e-02,2.170029e-02
0.838,2.177479e-02,2.164921e-02
0.839,2.177479e-02,2.159813e-02
0.84,2.177479e-02,2.154704e-02
0.841,2.177479e-02,2.149596e-02
0.842,2.177479e-02,2.144487e-02
0.843,2.177479e-02,2.139379e-02
0.844,2.177479e-02,2.134270e-02
0.845,2.177479e-02,2.129162e-02
0.846,2.177479e-02,2.124053e-02
0.847,2.177479e-02,2.118945e-02
0.848,2.177479e-02,2.113836e-02
0.849,2.177479e-02,2.108728e-02
0.85,2.177479e-02,2.103619e-02
0.851,2.023217e-02,2.098483e-02
0.852,2.023217e-02,2.093119e-02
0.853,2.023217e-02,2.087755e-02
0.854,2.023217e-02,2.082390e-02
0.855,2.023217e-02,2.077027e-02
0.856,2.023217e-02,2.071662e-02
0.857,2.023217e-02,2.066298e-02
0.858,2.023217e-02,2.060934e-02
0.859,2.023217e-02,2.055570e-02
0.86,2.023217e-02,2.050206e-02
0.861,2.023217e-02,2.044842e-02
0.862,2.023217e-02,2.039478e-02
0.863,2.023217e-02,2.034114e-02
0.864,2.023217e-02,2.028750e-02
0.865,2.023217e-02,2.023386e-02
0.866,2.023217e-02,2.018022e-02
0.867,1.987193e-02,2.012620e-02
0.868,1.987193e-02,2.007200e-02
0.869,1.987193e-02,2.001780e-02
0.87,1.987193e-02,1.996359e-02
0.871,1.987193e-02,1.990939e-02
0.872,1.987193e-02,1.985518e-02
0.873,1.987193e-02,1.980098e-02
0.874,1.987193e-02,1.974677e-02
0.875,1.987193e-02,1.969257e-02
0.876,1.987193e-02,1.963836e-02
0.877,1.987193e-02,1.958416e-02
0.878,1.987193e-02,1.952996e-02
0.879,1.987193e-02,1.947575e-02
0.88,1.987193e-02,1.942155e-02
0.881,1.987193e-02,1.936734e-02
0.882,1.987193e-02,1.931314e-02
0.883,1.987193e-02,1.925893e-02
0.884,1.987193e-02,1.920473e-02
0.885,1.987193e-02,1.915052e-02
0.886,1.987193e-02,1.909632e-02
0.887,1.987193e-02,1.904211e-02
0.888,1.987193e-02,1.898791e-02
0.889,1.987193e-02,1.893370e-02
0.89,1.812216e-02,1.888013e-02
0.891,1.812216e-02,1.882686e-02
0.892,1.812216e-02,1.877360e-02
0.893,1.812216e-02,1.872033e-02
0.894,1.812216e-02,1.866706e-02
0.895,1.812216e-02,1.861379e-02
0.896,1.812216e-02,1.856052e-02
0.897,1.812216e-02,1.850725e-02
0.898,1.812216e-02,1.845398e-02
0.899,1.812216e-02,1.840072e-02
0.9,1.812216e-02,1.834745e-02
0.901,1.812216e-02,1.829418e-02
0.902,1.812216e-02,1.824091e-02
0.903,1.812216e-02,1.818764e-02
0.904,1.812216e-02,1.813437e-02
0.905,1.812216e-02,1.808110e-02
0.906,1.812216e-02,1.802783e-02
0.907,1.812216e-02,1.797456e-02
0.908,1.812216e-02,1.792130e-02
0.909,1.812216e-02,1.786803e-02
0.91,1.812216e-02,1.781476e-02
0.911,1.812216e-02,1.776149e-02
0.912,1.812216e-02,1.770822e-02
0.913,1.812216e-02,1.765495e-02
0.914,1.812216e-02,1.760168e-02
0.915,1.812216e-02,1.754842e-02
0.916,1.796586e-02,1.749513e-02
0.917,1.796586e-02,1.744185e-02
0.918,1.796586e-02,1.738856e-02
0.919,1.796586e-02,1.733528e-02
0.92,1.796586e-02,1.728199e-02
0.921,1.796586e-02,1.722870e-02
0.922,1.796586e-02,1.717542e-02
0.923,1.796586e-02,1.712213e-02
0.924,1.796586e-02,1.706885e-02
0.925,1.796586e-02,1.701556e-02
0.926,1.796586e-02,1.696227e-02
0.927,1.676840e-02,1.690787e-02
0.928,1.676840e-02,1.685290e-02
0.929,1.676840e-02,1.679793e-02
0.93,1.676840e-02,1.674296e-02
0.931,1.676840e-02,1.668800e-02
0.932,1.676840e-02,1.663303e-02
0.933,1.676840e-02,1.657806e-02
0.934,1.676840e-02,1.652309e-02
0.935,1.676840e-02,1.646812e-02
0.936,1.676840e-02,1.641315e-02
0.937,1.547247e-02,1.635871e-02
0.938,1.547247e-02,1.630952e-02
0.939,1.547247e-02,1.626032e-02
0.94,1.547247e-02,1.621113e-02
0.941,1.547247e-02,1.616193e-02
0.942,1.547247e-02,1.611274e-02
0.943,1.547247e-02,1.606354e-02
0.944,1.547247e-02,1.601434e-02
0.945,1.547247e-02,1.596515e-02
0.946,1.547247e-02,1.591595e-02
0.947,1.547247e-02,1.586676e-02
0.948,1.547247e-02,1.581756e-02
0.949,1.547247e-02,1.576837e-02
0.95,1.547247e-02,1.571917e-02
0.951,1.547247e-02,1.566998e-02
0.952,1.547247e-02,1.562078e-02
0.953,1.547247e-02,1.557159e-02
0.954,1.547247e-02,1.552239e-02
0.955,1.547247e-02,1.547319e-02
0.956,1.547247e-02,1.542400e-02
0.957,1.547247e-02,1.537480e-02
0.958,1.547247e-02,1.532561e-02
0.959,1.547247e-02,1.527641e-02
0.96,1.547247e-02,1.522722e-02
0.961,1.547247e-02,1.517802e-02
0.962,1.547247e-02,1.512883e-02
0.963,1.547247e-02,1.507963e-02
0.964,1.547247e-02,1.503044e-02
0.965,1.547247e-02,1.498124e-02
0.966,1.547247e-02,1.493204e-02
0.967,1.547247e-02,1.488285e-02
0.968,1.463601e-02,1.486885e-02
0.969,1.463601e-02,1.485840e-02
0.97,1.463601e-02,1.484796e-02
0.971,1.463601e-02,1.483752e-02
0.972,1.463601e-02,1.482707e-02
0.973,1.463601e-02,1.481663e-02
0.974,1.463601e-02,1.480618e-02
0.975,1.463601e-02,1.479574e-02
0.976,1.463601e-02,1.478529e-02
0.977,1.463601e-02,1.477485e-02
0.978,1.463601e-02,1.476441e-02
0.979,1.463601e-02,1.475396e-02
0.98,1.463601e-02,1.474352e-02
0.981,1.463601e-02,1.473307e-02
0.982,1.463601e-02,1.472263e-02
0.983,1.463601e-02,1.471218e-02
0.984,1.463601e-02,1.470174e-02
0.985,1.463601e-02,1.469130e-02
0.986,1.463601e-02,1.468085e-02
0.987,1.463601e-02,1.467041e-02
0.988,1.463601e-02,1.465996e-02
0.989,1.463601e-02,1.464952e-02
0.99,1.463601e-02,1.463907e-02
0.991,1.463601e-02,1.462863e-02
0.992,1.463601e-02,1.461818e-02
0.993,1.463601e-02,1.460774e-02
0.994,1.463601e-02,1.459730e-02
0.995,1.463601e-02,1.458685e-02
0.996,1.463601e-02,1.457641e-02
0.997,1.463601e-02,1.456596e-02
0.998,1.463601e-02,1.455552e-02
0.999,1.463601e-02,1.454507e-02
1,1.575615e-02,1.453463e-02
