  1.00000000e-03   2.58469437e-02
  2.00000000e-03   5.16938629e-02
  3.00000000e-03   7.75407820e-02
  4.00000000e-03   1.03387701e-01
  5.00000000e-03   1.29234620e-01
  6.00000000e-03   1.55081540e-01
  7.00000000e-03   1.80928459e-01
  8.00000000e-03   2.06775378e-01
  9.00000000e-03   2.32622297e-01
  1.00000000e-02   2.58469216e-01
  1.10000000e-02   2.84311779e-01
  1.20000000e-02   3.10065539e-01
  1.30000000e-02   3.35614258e-01
  1.40000000e-02   3.61047617e-01
  1.50000000e-02   3.86481867e-01
  1.60000000e-02   4.11757148e-01
  1.70000000e-02   4.36776724e-01
  1.80000000e-02   4.61678175e-01
  1.90000000e-02   4.86441109e-01
  2.00000000e-02   5.11089427e-01
  2.10000000e-02   5.35643564e-01
  2.20000000e-02   5.59948027e-01
  2.30000000e-02   5.83879902e-01
  2.40000000e-02   6.07485805e-01
  2.50000000e-02   6.30932767e-01
  2.60000000e-02   6.54193594e-01
  2.70000000e-02   6.77087627e-01
  2.80000000e-02   6.99636693e-01
  2.90000000e-02   7.21913076e-01
  3.00000000e-02   7.43912549e-01
  3.10000000e-02   7.65554794e-01
  3.20000000e-02   7.86924896e-01
  3.30000000e-02   8.07921946e-01
  3.40000000e-02   8.28579549e-01
  3.50000000e-02   8.48900373e-01
  3.60000000e-02   8.68890909e-01
  3.70000000e-02   8.88507390e-01
  3.80000000e-02   9.07734866e-01
  3.90000000e-02   9.26594434e-01
  4.00000000e-02   9.45064591e-01
  4.10000000e-02   9.63126300e-01
  4.20000000e-02   9.80797932e-01
  4.30000000e-02   9.98111214e-01
  4.40000000e-02   1.01505225e+00
  4.50000000e-02   1.03158100e+00
  4.60000000e-02   1.04776459e+00
  4.70000000e-02   1.06364235e+00
  4.80000000e-02   1.07918251e+00
  4.90000000e-02   1.09437382e+00
  5.00000000e-02   1.10926191e+00
  5.10000000e-02   1.12378586e+00
  5.20000000e-02   1.13797285e+00
  5.30000000e-02   1.15181499e+00
  5.40000000e-02   1.16529796e+00
  5.50000000e-02   1.17849474e+00
  5.60000000e-02   1.19135081e+00
  5.70000000e-02   1.20383548e+00
  5.80000000e-02   1.21600754e+00
  5.90000000e-02   1.22788836e+00
  6.00000000e-02   1.23945867e+00
  6.10000000e-02   1.25070985e+00
  6.20000000e-02   1.26162718e+00
  6.30000000e-02   1.27223511e+00
  6.40000000e-02   1.28254194e+00
  6.50000000e-02   1.29252194e+00
  6.60000000e-02   1.30220426e+00
  6.70000000e-02   1.31162621e+00
  6.80000000e-02   1.32070441e+00
  6.90000000e-02   1.32950310e+00
  7.00000000e-02   1.33807027e+00
  7.10000000e-02   1.34631996e+00
  7.20000000e-02   1.35429773e+00
  7.30000000e-02   1.36197139e+00
  7.40000000e-02   1.36942505e+00
  7.50000000e-02   1.37653203e+00
  7.60000000e-02   1.38333906e+00
  7.70000000e-02   1.38991954e+00
  7.80000000e-02   1.39626749e+00
  7.90000000e-02   1.40238487e+00
  8.00000000e-02   1.40819480e+00
  8.10000000e-02   1.41374259e+00
  8.20000000e-02   1.41907499e+00
  8.30000000e-02   1.42411522e+00
  8.40000000e-02   1.42896763e+00
  8.50000000e-02   1.43357210e+00
  8.60000000e-02   1.43793954e+00
  8.70000000e-02   1.44202157e+00
  8.80000000e-02   1.44584708e+00
  8.90000000e-02   1.44939508e+00
  9.00000000e-02   1.45280402e+00
  9.10000000e-02   1.45599943e+00
  9.20000000e-02   1.45894930e+00
  9.30000000e-02   1.46179582e+00
  9.40000000e-02   1.46434086e+00
  9.50000000e-02   1.46676224e+00
  9.60000000e-02   1.46889996e+00
  9.70000000e-02   1.47089193e+00
  9.80000000e-02   1.47260790e+00
  9.90000000e-02   1.47417840e+00
  1.00000000e-01   1.47559015e+00
  1.01000000e-01   1.47684185e+00
  1.02000000e-01   1.47787250e+00
  1.03000000e-01   1.47871179e+00
  1.04000000e-01   1.47941568e+00
  1.05000000e-01   1.47995860e+00
  1.06000000e-01   1.48023086e+00
  1.07000000e-01   1.48043928e+00
  1.08000000e-01   1.48049184e+00
  1.09000000e-01   1.48050973e+00
  1.10000000e-01   1.48037473e+00
  1.11000000e-01   1.48021609e+00
  1.12000000e-01   1.47930622e+00
  1.13000000e-01   1.47824576e+00
  1.14000000e-01   1.47730284e+00
  1.15000000e-01   1.47638501e+00
  1.16000000e-01   1.47547197e+00
  1.17000000e-01   1.47482455e+00
  1.18000000e-01   1.47375264e+00
  1.19000000e-01   1.47202275e+00
  1.20000000e-01   1.46968232e+00
  1.21000000e-01   1.46783447e+00
  1.22000000e-01   1.46600271e+00
  1.23000000e-01   1.46420428e+00
  1.24000000e-01   1.46272380e+00
  1.25000000e-01   1.46060420e+00
  1.26000000e-01   1.45819913e+00
  1.27000000e-01   1.45574746e+00
  1.28000000e-01   1.45327864e+00
  1.29000000e-01   1.45084215e+00
  1.30000000e-01   1.44821330e+00
  1.31000000e-01   1.44582229e+00
  1.32000000e-01   1.44283969e+00
  1.33000000e-01   1.43986549e+00
  1.34000000e-01   1.43719844e+00
  1.35000000e-01   1.43447739e+00
  1.36000000e-01   1.43114300e+00
  1.37000000e-01   1.42818219e+00
  1.38000000e-01   1.42475627e+00
  1.39000000e-01   1.42126131e+00
  1.40000000e-01   1.41784188e+00
  1.41000000e-01   1.41462010e+00
  1.42000000e-01   1.41137583e+00
  1.43000000e-01   1.40831635e+00
  1.44000000e-01   1.40484006e+00
  1.45000000e-01   1.40035214e+00
  1.46000000e-01   1.39635968e+00
  1.47000000e-01   1.39282158e+00
  1.48000000e-01   1.38948601e+00
  1.49000000e-01   1.38588275e+00
  1.50000000e-01   1.38223267e+00
  1.51000000e-01   1.37829460e+00
  1.52000000e-01   1.37359681e+00
  1.53000000e-01   1.36947710e+00
  1.54000000e-01   1.36567316e+00
  1.55000000e-01   1.36167211e+00
  1.56000000e-01   1.35777798e+00
  1.57000000e-01   1.35382220e+00
  1.58000000e-01   1.34925640e+00
  1.59000000e-01   1.34499982e+00
  1.60000000e-01   1.34083681e+00
  1.61000000e-01   1.33702940e+00
  1.62000000e-01   1.33334808e+00
  1.63000000e-01   1.32868026e+00
  1.64000000e-01   1.32431492e+00
  1.65000000e-01   1.31976210e+00
  1.66000000e-01   1.31500969e+00
  1.67000000e-01   1.31076044e+00
  1.68000000e-01   1.30687414e+00
  1.69000000e-01   1.30234899e+00
  1.70000000e-01   1.29752702e+00
  1.71000000e-01   1.29344231e+00
  1.72000000e-01   1.28884592e+00
  1.73000000e-01   1.28429655e+00
  1.74000000e-01   1.27996888e+00
  1.75000000e-01   1.27600057e+00
  1.76000000e-01   1.27102153e+00
  1.77000000e-01   1.26618184e+00
  1.78000000e-01   1.26162860e+00
  1.79000000e-01   1.25721306e+00
  1.80000000e-01   1.25313172e+00
  1.81000000e-01   1.24865818e+00
  1.82000000e-01   1.24388684e+00
  1.83000000e-01   1.23887458e+00
  1.84000000e-01   1.23414760e+00
  1.85000000e-01   1.23015188e+00
  1.86000000e-01   1.22554031e+00
  1.87000000e-01   1.22072019e+00
  1.88000000e-01   1.21583290e+00
  1.89000000e-01   1.21143091e+00
  1.90000000e-01   1.20677569e+00
  1.91000000e-01   1.20233259e+00
  1.92000000e-01   1.19808357e+00
  1.93000000e-01   1.19411134e+00
  1.94000000e-01   1.18925278e+00
  1.95000000e-01   1.18381510e+00
  1.96000000e-01   1.17978862e+00
  1.97000000e-01   1.17536235e+00
  1.98000000e-01   1.17084969e+00
  1.99000000e-01   1.16637506e+00
  2.00000000e-01   1.16199706e+00
  2.01000000e-01   1.15766998e+00
  2.02000000e-01   1.15305291e+00
  2.03000000e-01   1.14853712e+00
  2.04000000e-01   1.14395047e+00
  2.05000000e-01   1.13919477e+00
  2.06000000e-01   1.13482542e+00
  2.07000000e-01   1.13051794e+00
  2.08000000e-01   1.12617978e+00
  2.09000000e-01   1.12171351e+00
  2.10000000e-01   1.11683586e+00
  2.11000000e-01   1.11226880e+00
  2.12000000e-01   1.10794778e+00
  2.13000000e-01   1.10391858e+00
  2.14000000e-01   1.10012254e+00
  2.15000000e-01   1.09530514e+00
  2.16000000e-01   1.09021142e+00
  2.17000000e-01   1.08580870e+00
  2.18000000e-01   1.08211045e+00
  2.19000000e-01   1.07780140e+00
  2.20000000e-01   1.07335145e+00
  2.21000000e-01   1.06861248e+00
  2.22000000e-01   1.06435081e+00
  2.23000000e-01   1.06018667e+00
  2.24000000e-01   1.05621875e+00
  2.25000000e-01   1.05205916e+00
  2.26000000e-01   1.04755041e+00
  2.27000000e-01   1.04309984e+00
  2.28000000e-01   1.03911884e+00
  2.29000000e-01   1.03548486e+00
  2.30000000e-01   1.03143160e+00
  2.31000000e-01   1.02681146e+00
  2.32000000e-01   1.02264634e+00
  2.33000000e-01   1.01837272e+00
  2.34000000e-01   1.01427976e+00
  2.35000000e-01   1.01021502e+00
  2.36000000e-01   1.00627169e+00
  2.37000000e-01   1.00208950e+00
  2.38000000e-01   9.98062349e-01
  2.39000000e-01   9.94047353e-01
  2.40000000e-01   9.90295004e-01
  2.41000000e-01   9.86299654e-01
  2.42000000e-01   9.82189111e-01
  2.43000000e-01   9.77994754e-01
  2.44000000e-01   9.74239595e-01
  2.45000000e-01   9.70130511e-01
  2.46000000e-01   9.66179922e-01
  2.47000000e-01   9.62461058e-01
  2.48000000e-01   9.58807743e-01
  2.49000000e-01   9.54463407e-01
  2.50000000e-01   9.50061104e-01
  2.51000000e-01   9.46247568e-01
  2.52000000e-01   9.42892052e-01
  2.53000000e-01   9.39253868e-01
  2.54000000e-01   9.35043043e-01
  2.55000000e-01   9.30736864e-01
  2.56000000e-01   9.26935531e-01
  2.57000000e-01   9.23287299e-01
  2.58000000e-01   9.19685094e-01
  2.59000000e-01   9.15991703e-01
  2.60000000e-01   9.12006681e-01
  2.61000000e-01   9.07948119e-01
  2.62000000e-01   9.04130873e-01
  2.63000000e-01   9.00836123e-01
  2.64000000e-01   8.97376624e-01
  2.65000000e-01   8.94046628e-01
  2.66000000e-01   8.90211494e-01
  2.67000000e-01   8.86017003e-01
  2.68000000e-01   8.82405406e-01
  2.69000000e-01   8.78870313e-01
  2.70000000e-01   8.75870764e-01
  2.71000000e-01   8.72152443e-01
  2.72000000e-01   8.68086772e-01
  2.73000000e-01   8.64428372e-01
  2.74000000e-01   8.61535823e-01
  2.75000000e-01   8.58219820e-01
  2.76000000e-01   8.54240107e-01
  2.77000000e-01   8.50383401e-01
  2.78000000e-01   8.47160868e-01
  2.79000000e-01   8.43972481e-01
  2.80000000e-01   8.40510595e-01
  2.81000000e-01   8.37209774e-01
  2.82000000e-01   8.33690492e-01
  2.83000000e-01   8.30025278e-01
  2.84000000e-01   8.26671584e-01
  2.85000000e-01   8.23666109e-01
  2.86000000e-01   8.20239708e-01
  2.87000000e-01   8.16550445e-01
  2.88000000e-01   8.13311342e-01
  2.89000000e-01   8.10363692e-01
  2.90000000e-01   8.06920507e-01
  2.91000000e-01   8.03773843e-01
  2.92000000e-01   8.00450242e-01
  2.93000000e-01   7.97227787e-01
  2.94000000e-01   7.93917141e-01
  2.95000000e-01   7.90937575e-01
  2.96000000e-01   7.87643732e-01
  2.97000000e-01   7.84442118e-01
  2.98000000e-01   7.81601353e-01
  2.99000000e-01   7.78477020e-01
  3.00000000e-01   7.75148269e-01
  3.01000000e-01   7.71835681e-01
  3.02000000e-01   7.68906617e-01
  3.03000000e-01   7.65599190e-01
  3.04000000e-01   7.62517736e-01
  3.05000000e-01   7.59426860e-01
  3.06000000e-01   7.56420819e-01
  3.07000000e-01   7.53109321e-01
  3.08000000e-01   7.50187727e-01
  3.09000000e-01   7.47599024e-01
  3.10000000e-01   7.44560223e-01
  3.11000000e-01   7.41133905e-01
  3.12000000e-01   7.38138236e-01
  3.13000000e-01   7.35621330e-01
  3.14000000e-01   7.32685428e-01
  3.15000000e-01   7.29373708e-01
  3.16000000e-01   7.26639602e-01
  3.17000000e-01   7.23747652e-01
  3.18000000e-01   7.20844303e-01
  3.19000000e-01   7.17818006e-01
  3.20000000e-01   7.15148233e-01
  3.21000000e-01   7.12586212e-01
  3.22000000e-01   7.09594431e-01
  3.23000000e-01   7.06343218e-01
  3.24000000e-01   7.03664266e-01
  3.25000000e-01   7.01339074e-01
  3.26000000e-01   6.98370682e-01
  3.27000000e-01   6.95423941e-01
  3.28000000e-01   6.92679553e-01
  3.29000000e-01   6.89923009e-01
  3.30000000e-01   6.87305507e-01
  3.31000000e-01   6.84705474e-01
  3.32000000e-01   6.81806450e-01
  3.33000000e-01   6.79117780e-01
  3.34000000e-01   6.76532327e-01
  3.35000000e-01   6.73765788e-01
  3.36000000e-01   6.71028653e-01
  3.37000000e-01   6.68491801e-01
  3.38000000e-01   6.65799943e-01
  3.39000000e-01   6.63219076e-01
  3.40000000e-01   6.60951393e-01
  3.41000000e-01   6.58453000e-01
  3.42000000e-01   6.55529071e-01
  3.43000000e-01   6.52688979e-01
  3.44000000e-01   6.50254477e-01
  3.45000000e-01   6.48125129e-01
  3.46000000e-01   6.45522144e-01
  3.47000000e-01   6.42899846e-01
  3.48000000e-01   6.40583597e-01
  3.49000000e-01   6.38234148e-01
  3.50000000e-01   6.35349619e-01
  3.51000000e-01   6.32756962e-01
  3.52000000e-01   6.30535432e-01
  3.53000000e-01   6.28613599e-01
  3.54000000e-01   6.26062818e-01
  3.55000000e-01   6.23295652e-01
  3.56000000e-01   6.20831327e-01
  3.57000000e-01   6.18800072e-01
  3.58000000e-01   6.16681588e-01
  3.59000000e-01   6.13994481e-01
  3.60000000e-01   6.11474991e-01
  3.61000000e-01   6.09120042e-01
  3.62000000e-01   6.07086551e-01
  3.63000000e-01   6.04686816e-01
  3.64000000e-01   6.02181024e-01
  3.65000000e-01   6.00116051e-01
  3.66000000e-01   5.98047686e-01
  3.67000000e-01   5.95858772e-01
  3.68000000e-01   5.94462762e-01
  3.69000000e-01   5.92750838e-01
  3.70000000e-01   5.91365034e-01
  3.71000000e-01   5.88906836e-01
  3.72000000e-01   5.86083506e-01
  3.73000000e-01   5.83792743e-01
  3.74000000e-01   5.80173417e-01
  3.75000000e-01   5.77450172e-01
  3.76000000e-01   5.75464664e-01
  3.77000000e-01   5.75066737e-01
  3.78000000e-01   5.73799614e-01
  3.79000000e-01   5.71698639e-01
  3.80000000e-01   5.68997332e-01
  3.81000000e-01   5.65126855e-01
  3.82000000e-01   5.62229098e-01
  3.83000000e-01   5.60828493e-01
  3.84000000e-01   5.60359798e-01
  3.85000000e-01   5.59229764e-01
  3.86000000e-01   5.57061901e-01
  3.87000000e-01   5.53668820e-01
  3.88000000e-01   5.50373915e-01
  3.89000000e-01   5.48493039e-01
  3.90000000e-01   5.46735874e-01
  3.91000000e-01   5.46047814e-01
  3.92000000e-01   5.44960270e-01
  3.93000000e-01   5.43403659e-01
  3.94000000e-01   5.40653653e-01
  3.95000000e-01   5.36617342e-01
  3.96000000e-01   5.34240027e-01
  3.97000000e-01   5.32959990e-01
  3.98000000e-01   5.32442594e-01
  3.99000000e-01   5.31379572e-01
  4.00000000e-01   5.29565826e-01
  4.01000000e-01   5.26873520e-01
  4.02000000e-01   5.23366711e-01
  4.03000000e-01   5.21156422e-01
  4.04000000e-01   5.19845124e-01
  4.05000000e-01   5.19391250e-01
  4.06000000e-01   5.18306838e-01
  4.07000000e-01   5.16625989e-01
  4.08000000e-01   5.14204578e-01
  4.09000000e-01   5.10782100e-01
  4.10000000e-01   5.08621906e-01
  4.11000000e-01   5.07211627e-01
  4.12000000e-01   5.06841737e-01
  4.13000000e-01   5.06027693e-01
  4.14000000e-01   5.04220493e-01
  4.15000000e-01   5.01923135e-01
  4.16000000e-01   4.99370863e-01
  4.17000000e-01   4.96745692e-01
  4.18000000e-01   4.94965507e-01
  4.19000000e-01   4.94480066e-01
  4.20000000e-01   4.93703678e-01
  4.21000000e-01   4.92379874e-01
  4.22000000e-01   4.90521930e-01
  4.23000000e-01   4.88219334e-01
  4.24000000e-01   4.86021201e-01
  4.25000000e-01   4.83140829e-01
  4.26000000e-01   4.82218899e-01
  4.27000000e-01   4.81544861e-01
  4.28000000e-01   4.80626441e-01
  4.29000000e-01   4.79052877e-01
  4.30000000e-01   4.76995060e-01
  4.31000000e-01   4.74999419e-01
  4.32000000e-01   4.73733128e-01
  4.33000000e-01   4.72625559e-01
  4.34000000e-01   4.71073965e-01
  4.35000000e-01   4.69331537e-01
  4.36000000e-01   4.67692519e-01
  4.37000000e-01   4.66289946e-01
  4.38000000e-01   4.64725849e-01
  4.39000000e-01   4.62988666e-01
  4.40000000e-01   4.61343506e-01
  4.41000000e-01   4.59910043e-01
  4.42000000e-01   4.58511783e-01
  4.43000000e-01   4.57038517e-01
  4.44000000e-01   4.55250692e-01
  4.45000000e-01   4.53766708e-01
  4.46000000e-01   4.52507233e-01
  4.47000000e-01   4.51107635e-01
  4.48000000e-01   4.49707188e-01
  4.49000000e-01   4.48592974e-01
  4.50000000e-01   4.46944619e-01
  4.51000000e-01   4.45500924e-01
  4.52000000e-01   4.43762498e-01
  4.53000000e-01   4.42231002e-01
  4.54000000e-01   4.40919303e-01
  4.55000000e-01   4.39620472e-01
  4.56000000e-01   4.38380110e-01
  4.57000000e-01   4.36783998e-01
  4.58000000e-01   4.35505084e-01
  4.59000000e-01   4.34423351e-01
  4.60000000e-01   4.32932745e-01
  4.61000000e-01   4.31425859e-01
  4.62000000e-01   4.29870254e-01
  4.63000000e-01   4.28725400e-01
  4.64000000e-01   4.27228798e-01
  4.65000000e-01   4.25908547e-01
  4.66000000e-01   4.24526468e-01
  4.67000000e-01   4.23353226e-01
  4.68000000e-01   4.22130485e-01
  4.69000000e-01   4.20854674e-01
  4.70000000e-01   4.19308554e-01
  4.71000000e-01   4.18055578e-01
  4.72000000e-01   4.16996735e-01
  4.73000000e-01   4.15730773e-01
  4.74000000e-01   4.14146016e-01
  4.75000000e-01   4.11647942e-01
  4.76000000e-01   4.10738124e-01
  4.77000000e-01   4.10201996e-01
  4.78000000e-01   4.09324489e-01
  4.79000000e-01   4.08158781e-01
  4.80000000e-01   4.06745753e-01
  4.81000000e-01   4.04456574e-01
  4.82000000e-01   4.03344643e-01
  4.83000000e-01   4.03114583e-01
  4.84000000e-01   4.02298530e-01
  4.85000000e-01   4.00798531e-01
  4.86000000e-01   3.99531158e-01
  4.87000000e-01   3.98532146e-01
  4.88000000e-01   3.97405478e-01
  4.89000000e-01   3.95014031e-01
  4.90000000e-01   3.93732872e-01
  4.91000000e-01   3.93407130e-01
  4.92000000e-01   3.92691371e-01
  4.93000000e-01   3.91712092e-01
  4.94000000e-01   3.90447999e-01
  4.95000000e-01   3.88965372e-01
  4.96000000e-01   3.87846572e-01
  4.97000000e-01   3.86734252e-01
  4.98000000e-01   3.85925068e-01
  4.99000000e-01   3.84746903e-01
  5.00000000e-01   3.83473993e-01
  5.01000000e-01   3.82327896e-01
  5.02000000e-01   3.81295122e-01
  5.03000000e-01   3.80348801e-01
  5.04000000e-01   3.79284328e-01
  5.05000000e-01   3.78291200e-01
  5.06000000e-01   3.77128545e-01
  5.07000000e-01   3.76109853e-01
  5.08000000e-01   3.74998179e-01
  5.09000000e-01   3.73734686e-01
  5.10000000e-01   3.72620148e-01
  5.11000000e-01   3.71588708e-01
  5.12000000e-01   3.70828849e-01
  5.13000000e-01   3.69823562e-01
  5.14000000e-01   3.68646564e-01
  5.15000000e-01   3.67363260e-01
  5.16000000e-01   3.66447596e-01
  5.17000000e-01   3.65636510e-01
  5.18000000e-01   3.64741461e-01
  5.19000000e-01   3.63665197e-01
  5.20000000e-01   3.62619929e-01
  5.21000000e-01   3.61538743e-01
  5.22000000e-01   3.60589164e-01
  5.23000000e-01   3.59500808e-01
  5.24000000e-01   3.58636184e-01
  5.25000000e-01   3.57719627e-01
  5.26000000e-01   3.56686374e-01
  5.27000000e-01   3.55515578e-01
  5.28000000e-01   3.54662394e-01
  5.29000000e-01   3.53906737e-01
  5.30000000e-01   3.52882578e-01
  5.31000000e-01   3.51597473e-01
  5.32000000e-01   3.50620053e-01
  5.33000000e-01   3.49949817e-01
  5.34000000e-01   3.48919595e-01
  5.35000000e-01   3.47896920e-01
  5.36000000e-01   3.47040223e-01
  5.37000000e-01   3.46211919e-01
  5.38000000e-01   3.45349044e-01
  5.39000000e-01   3.44277436e-01
  5.40000000e-01   3.43296036e-01
  5.41000000e-01   3.42451743e-01
  5.42000000e-01   3.41786258e-01
  5.43000000e-01   3.40803698e-01
  5.44000000e-01   3.39683698e-01
  5.45000000e-01   3.38801855e-01
  5.46000000e-01   3.38122490e-01
  5.47000000e-01   3.37225309e-01
  5.48000000e-01   3.36242676e-01
  5.49000000e-01   3.35311771e-01
  5.50000000e-01   3.34478606e-01
  5.51000000e-01   3.33595043e-01
  5.52000000e-01   3.32661123e-01
  5.53000000e-01   3.31985530e-01
  5.54000000e-01   3.31243078e-01
  5.55000000e-01   3.30241596e-01
  5.56000000e-01   3.29172678e-01
  5.57000000e-01   3.28264456e-01
  5.58000000e-01   3.27508468e-01
  5.59000000e-01   3.26918877e-01
  5.60000000e-01   3.26078059e-01
  5.61000000e-01   3.25186612e-01
  5.62000000e-01   3.24195085e-01
  5.63000000e-01   3.23444748e-01
  5.64000000e-01   3.22759595e-01
  5.65000000e-01   3.21952824e-01
  5.66000000e-01   3.21087840e-01
  5.67000000e-01   3.20215528e-01
  5.68000000e-01   3.19444820e-01
  5.69000000e-01   3.18532178e-01
  5.70000000e-01   3.17886446e-01
  5.71000000e-01   3.17259751e-01
  5.72000000e-01   3.16455654e-01
  5.73000000e-01   3.15474167e-01
  5.74000000e-01   3.14722974e-01
  5.75000000e-01   3.14057387e-01
  5.76000000e-01   3.13472221e-01
  5.77000000e-01   3.12535386e-01
  5.78000000e-01   3.11559926e-01
  5.79000000e-01   3.10697938e-01
  5.80000000e-01   3.10106162e-01
  5.81000000e-01   3.10152624e-01
  5.82000000e-01   3.09734103e-01
  5.83000000e-01   3.08623139e-01
  5.84000000e-01   3.06678116e-01
  5.85000000e-01   3.05368908e-01
  5.86000000e-01   3.05829813e-01
  5.87000000e-01   3.05403736e-01
  5.88000000e-01   3.05920251e-01
  5.89000000e-01   3.06166984e-01
  5.90000000e-01   3.05876149e-01
  5.91000000e-01   3.04847251e-01
  5.92000000e-01   3.01729812e-01
  5.93000000e-01   2.99061194e-01
  5.94000000e-01   2.98546814e-01
  5.95000000e-01   2.98686966e-01
  5.96000000e-01   2.98967824e-01
  5.97000000e-01   2.98324524e-01
  5.98000000e-01   2.97142799e-01
  5.99000000e-01   2.95918119e-01
  6.00000000e-01   2.95167757e-01
  6.01000000e-01   2.94710277e-01
  6.02000000e-01   2.94286213e-01
  6.03000000e-01   2.93641755e-01
  6.04000000e-01   2.92816775e-01
  6.05000000e-01   2.91959711e-01
  6.06000000e-01   2.91476627e-01
  6.07000000e-01   2.90936333e-01
  6.08000000e-01   2.90092812e-01
  6.09000000e-01   2.89359247e-01
  6.10000000e-01   2.88800057e-01
  6.11000000e-01   2.88207131e-01
  6.12000000e-01   2.87440062e-01
  6.13000000e-01   2.86704162e-01
  6.14000000e-01   2.86022892e-01
  6.15000000e-01   2.85448063e-01
  6.16000000e-01   2.84844557e-01
  6.17000000e-01   2.84127016e-01
  6.18000000e-01   2.83393868e-01
  6.19000000e-01   2.82711505e-01
  6.20000000e-01   2.82190289e-01
  6.21000000e-01   2.81594623e-01
  6.22000000e-01   2.80936931e-01
  6.23000000e-01   2.80298561e-01
  6.24000000e-01   2.79479237e-01
  6.25000000e-01   2.78723252e-01
  6.26000000e-01   2.78216781e-01
  6.27000000e-01   2.77818207e-01
  6.28000000e-01   2.77891490e-01
  6.29000000e-01   2.78072903e-01
  6.30000000e-01   2.77357590e-01
  6.31000000e-01   2.75560049e-01
  6.32000000e-01   2.73873693e-01
  6.33000000e-01   2.73141376e-01
  6.34000000e-01   2.73556096e-01
  6.35000000e-01   2.73301737e-01
  6.36000000e-01   2.73667415e-01
  6.37000000e-01   2.72902029e-01
  6.38000000e-01   2.71179497e-01
  6.39000000e-01   2.69423168e-01
  6.40000000e-01   2.68852368e-01
  6.41000000e-01   2.69052161e-01
  6.42000000e-01   2.69107277e-01
  6.43000000e-01   2.68961690e-01
  6.44000000e-01   2.69073795e-01
  6.45000000e-01   2.69204494e-01
  6.46000000e-01   2.69034431e-01
  6.47000000e-01   2.68101787e-01
  6.48000000e-01   2.65319767e-01
  6.49000000e-01   2.62977595e-01
  6.50000000e-01   2.62651206e-01
  6.51000000e-01   2.62555931e-01
  6.52000000e-01   2.62907742e-01
  6.53000000e-01   2.62569299e-01
  6.54000000e-01   2.62623669e-01
  6.55000000e-01   2.62736375e-01
  6.56000000e-01   2.62753196e-01
  6.57000000e-01   2.62240146e-01
  6.58000000e-01   2.61715410e-01
  6.59000000e-01   2.61073045e-01
  6.60000000e-01   2.58151080e-01
  6.61000000e-01   2.56242669e-01
  6.62000000e-01   2.55685424e-01
  6.63000000e-01   2.55953752e-01
  6.64000000e-01   2.55535283e-01
  6.65000000e-01   2.55819988e-01
  6.66000000e-01   2.55890889e-01
  6.67000000e-01   2.55802809e-01
  6.68000000e-01   2.55268310e-01
  6.69000000e-01   2.55149368e-01
  6.70000000e-01   2.55166844e-01
  6.71000000e-01   2.54935750e-01
  6.72000000e-01   2.53676372e-01
  6.73000000e-01   2.50787166e-01
  6.74000000e-01   2.49053597e-01
  6.75000000e-01   2.48775112e-01
  6.76000000e-01   2.48770160e-01
  6.77000000e-01   2.48890836e-01
  6.78000000e-01   2.48597392e-01
  6.79000000e-01   2.48184617e-01
  6.80000000e-01   2.47942256e-01
  6.81000000e-01   2.47467757e-01
  6.82000000e-01   2.46680034e-01
  6.83000000e-01   2.47286088e-01
  6.84000000e-01   2.46901240e-01
  6.85000000e-01   2.46827092e-01
  6.86000000e-01   2.46611594e-01
  6.87000000e-01   2.46359512e-01
  6.88000000e-01   2.45820008e-01
  6.89000000e-01   2.44655322e-01
  6.90000000e-01   2.42417727e-01
  6.91000000e-01   2.40741326e-01
  6.92000000e-01   2.40913898e-01
  6.93000000e-01   2.40379344e-01
  6.94000000e-01   2.40731100e-01
  6.95000000e-01   2.40405231e-01
  6.96000000e-01   2.40221892e-01
  6.97000000e-01   2.40218899e-01
  6.98000000e-01   2.39957295e-01
  6.99000000e-01   2.39289845e-01
  7.00000000e-01   2.37314617e-01
  7.01000000e-01   2.35816663e-01
  7.02000000e-01   2.35448830e-01
  7.03000000e-01   2.35520375e-01
  7.04000000e-01   2.35820014e-01
  7.05000000e-01   2.35262149e-01
  7.06000000e-01   2.35589406e-01
  7.07000000e-01   2.35615873e-01
  7.08000000e-01   2.35585639e-01
  7.09000000e-01   2.35002548e-01
  7.10000000e-01   2.34555038e-01
  7.11000000e-01   2.34726642e-01
  7.12000000e-01   2.34075515e-01
  7.13000000e-01   2.33043957e-01
  7.14000000e-01   2.31020378e-01
  7.15000000e-01   2.29510949e-01
  7.16000000e-01   2.29731992e-01
  7.17000000e-01   2.29353351e-01
  7.18000000e-01   2.29508123e-01
  7.19000000e-01   2.29478962e-01
  7.20000000e-01   2.29444320e-01
  7.21000000e-01   2.29147272e-01
  7.22000000e-01   2.28921997e-01
  7.23000000e-01   2.28937489e-01
  7.24000000e-01   2.28735319e-01
  7.25000000e-01   2.28285120e-01
  7.26000000e-01   2.27464787e-01
  7.27000000e-01   2.25316636e-01
  7.28000000e-01   2.23774965e-01
  7.29000000e-01   2.23958322e-01
  7.30000000e-01   2.23506445e-01
  7.31000000e-01   2.23757884e-01
  7.32000000e-01   2.23494701e-01
  7.33000000e-01   2.23303245e-01
  7.34000000e-01   2.23414434e-01
  7.35000000e-01   2.22751776e-01
  7.36000000e-01   2.21192843e-01
  7.37000000e-01   2.20919446e-01
  7.38000000e-01   2.20488301e-01
  7.39000000e-01   2.20722150e-01
  7.40000000e-01   2.20753852e-01
  7.41000000e-01   2.19973022e-01
  7.42000000e-01   2.20416954e-01
  7.43000000e-01   2.20406670e-01
  7.44000000e-01   2.20134375e-01
  7.45000000e-01   2.19420279e-01
  7.46000000e-01   2.19523513e-01
  7.47000000e-01   2.18706178e-01
  7.48000000e-01   2.16582595e-01
  7.49000000e-01   2.15228992e-01
  7.50000000e-01   2.15434944e-01
  7.51000000e-01   2.15002910e-01
  7.52000000e-01   2.15191170e-01
  7.53000000e-01   2.15140168e-01
  7.54000000e-01   2.14573483e-01
  7.55000000e-01   2.13581322e-01
  7.56000000e-01   2.13644223e-01
  7.57000000e-01   2.13283785e-01
  7.58000000e-01   2.12729429e-01
  7.59000000e-01   2.12697436e-01
  7.60000000e-01   2.12644144e-01
  7.61000000e-01   2.12322790e-01
  7.62000000e-01   2.12660800e-01
  7.63000000e-01   2.12712629e-01
  7.64000000e-01   2.12475862e-01
  7.65000000e-01   2.12024150e-01
  7.66000000e-01   2.11888823e-01
  7.67000000e-01   2.11521628e-01
  7.68000000e-01   2.11060778e-01
  7.69000000e-01   2.10315122e-01
  7.70000000e-01   2.08391321e-01
  7.71000000e-01   2.06623028e-01
  7.72000000e-01   2.06794004e-01
  7.73000000e-01   2.06163185e-01
  7.74000000e-01   2.06393223e-01
  7.75000000e-01   2.06361873e-01
  7.76000000e-01   2.06150493e-01
  7.77000000e-01   2.05832222e-01
  7.78000000e-01   2.05926606e-01
  7.79000000e-01   2.05806286e-01
  7.80000000e-01   2.05773756e-01
  7.81000000e-01   2.05527783e-01
  7.82000000e-01   2.05257209e-01
  7.83000000e-01   2.05075912e-01
  7.84000000e-01   2.04866568e-01
  7.85000000e-01   2.04340332e-01
  7.86000000e-01   2.04047165e-01
  7.87000000e-01   2.03155166e-01
  7.88000000e-01   2.01532818e-01
  7.89000000e-01   2.00285781e-01
  7.90000000e-01   2.00167868e-01
  7.91000000e-01   2.00166557e-01
  7.92000000e-01   2.00094298e-01
  7.93000000e-01   2.00061894e-01
  7.94000000e-01   2.00188262e-01
  7.95000000e-01   2.00194265e-01
  7.96000000e-01   2.00051882e-01
  7.97000000e-01   1.99585515e-01
  7.98000000e-01   1.99636747e-01
  7.99000000e-01   1.98862630e-01
  8.00000000e-01   1.97261288e-01
  8.01000000e-01   1.96481911e-01
  8.02000000e-01   1.96366903e-01
  8.03000000e-01   1.96397524e-01
  8.04000000e-01   1.96210214e-01
  8.05000000e-01   1.96440112e-01
  8.06000000e-01   1.96202303e-01
  8.07000000e-01   1.96230049e-01
  8.08000000e-01   1.96007937e-01
  8.09000000e-01   1.95932403e-01
  8.10000000e-01   1.96027839e-01
  8.11000000e-01   1.95909424e-01
  8.12000000e-01   1.95383434e-01
  8.13000000e-01   1.94696780e-01
  8.14000000e-01   1.92472187e-01
  8.15000000e-01   1.91579555e-01
  8.16000000e-01   1.91575314e-01
  8.17000000e-01   1.91597083e-01
  8.18000000e-01   1.91380476e-01
  8.19000000e-01   1.91480303e-01
  8.20000000e-01   1.91256744e-01
  8.21000000e-01   1.91292124e-01
  8.22000000e-01   1.91115028e-01
  8.23000000e-01   1.91117302e-01
  8.24000000e-01   1.91001922e-01
  8.25000000e-01   1.90270585e-01
  8.26000000e-01   1.88859740e-01
  8.27000000e-01   1.88009531e-01
  8.28000000e-01   1.88088207e-01
  8.29000000e-01   1.87840887e-01
  8.30000000e-01   1.87986654e-01
  8.31000000e-01   1.87809460e-01
  8.32000000e-01   1.87750366e-01
  8.33000000e-01   1.87757265e-01
  8.34000000e-01   1.87611528e-01
  8.35000000e-01   1.87472006e-01
  8.36000000e-01   1.87150907e-01
  8.37000000e-01   1.86922807e-01
  8.38000000e-01   1.86942959e-01
  8.39000000e-01   1.86726296e-01
  8.40000000e-01   1.86495161e-01
  8.41000000e-01   1.85730912e-01
  8.42000000e-01   1.84010723e-01
  8.43000000e-01   1.82955594e-01
  8.44000000e-01   1.83058535e-01
  8.45000000e-01   1.82700062e-01
  8.46000000e-01   1.82872335e-01
  8.47000000e-01   1.82535386e-01
  8.48000000e-01   1.82559578e-01
  8.49000000e-01   1.82584425e-01
  8.50000000e-01   1.82531328e-01
  8.51000000e-01   1.82216031e-01
  8.52000000e-01   1.82056216e-01
  8.53000000e-01   1.81821379e-01
  8.54000000e-01   1.81744791e-01
  8.55000000e-01   1.81425238e-01
  8.56000000e-01   1.80949424e-01
  8.57000000e-01   1.79732975e-01
  8.58000000e-01   1.79210539e-01
  8.59000000e-01   1.79074357e-01
  8.60000000e-01   1.78850824e-01
  8.61000000e-01   1.78855391e-01
  8.62000000e-01   1.78460159e-01
  8.63000000e-01   1.78255490e-01
  8.64000000e-01   1.78207526e-01
  8.65000000e-01   1.78017406e-01
  8.66000000e-01   1.77892442e-01
  8.67000000e-01   1.77960014e-01
  8.68000000e-01   1.77994868e-01
  8.69000000e-01   1.77908277e-01
  8.70000000e-01   1.77404201e-01
  8.71000000e-01   1.76280327e-01
  8.72000000e-01   1.75438699e-01
  8.73000000e-01   1.75403218e-01
  8.74000000e-01   1.75195765e-01
  8.75000000e-01   1.75233608e-01
  8.76000000e-01   1.75062289e-01
  8.77000000e-01   1.75097876e-01
  8.78000000e-01   1.74963904e-01
  8.79000000e-01   1.74834828e-01
  8.80000000e-01   1.74570738e-01
  8.81000000e-01   1.74496636e-01
  8.82000000e-01   1.74261368e-01
  8.83000000e-01   1.73952078e-01
  8.84000000e-01   1.73526951e-01
  8.85000000e-01   1.72166595e-01
  8.86000000e-01   1.71156845e-01
  8.87000000e-01   1.71226606e-01
  8.88000000e-01   1.71167207e-01
  8.89000000e-01   1.71003593e-01
  8.90000000e-01   1.71025361e-01
  8.91000000e-01   1.70789675e-01
  8.92000000e-01   1.70760490e-01
  8.93000000e-01   1.70773163e-01
  8.94000000e-01   1.70324452e-01
  8.95000000e-01   1.69293399e-01
  8.96000000e-01   1.68563205e-01
  8.97000000e-01   1.68579034e-01
  8.98000000e-01   1.68533422e-01
  8.99000000e-01   1.68481268e-01
  9.00000000e-01   1.68562439e-01
  9.01000000e-01   1.68399620e-01
  9.02000000e-01   1.68471884e-01
  9.03000000e-01   1.68307704e-01
  9.04000000e-01   1.68337749e-01
  9.05000000e-01   1.68148591e-01
  9.06000000e-01   1.67840950e-01
  9.07000000e-01   1.67665974e-01
  9.08000000e-01   1.67430431e-01
  9.09000000e-01   1.67230760e-01
  9.10000000e-01   1.67149138e-01
  9.11000000e-01   1.67076334e-01
  9.12000000e-01   1.66748785e-01
  9.13000000e-01   1.66604840e-01
  9.14000000e-01   1.66225735e-01
  9.15000000e-01   1.65802406e-01
  9.16000000e-01   1.64928358e-01
  9.17000000e-01   1.64425826e-01
  9.18000000e-01   1.64209116e-01
  9.19000000e-01   1.64042944e-01
  9.20000000e-01   1.63851365e-01
  9.21000000e-01   1.63797875e-01
  9.22000000e-01   1.63693151e-01
  9.23000000e-01   1.63424310e-01
  9.24000000e-01   1.63183258e-01
  9.25000000e-01   1.63098884e-01
  9.26000000e-01   1.63100790e-01
  9.27000000e-01   1.62939205e-01
  9.28000000e-01   1.62737671e-01
  9.29000000e-01   1.62688630e-01
  9.30000000e-01   1.62462079e-01
  9.31000000e-01   1.62369537e-01
  9.32000000e-01   1.62148873e-01
  9.33000000e-01   1.61950766e-01
  9.34000000e-01   1.61719235e-01
  9.35000000e-01   1.61480905e-01
  9.36000000e-01   1.61172878e-01
  9.37000000e-01   1.61128082e-01
  9.38000000e-01   1.60724870e-01
  9.39000000e-01   1.59491239e-01
  9.40000000e-01   1.58563015e-01
  9.41000000e-01   1.58472029e-01
  9.42000000e-01   1.58275578e-01
  9.43000000e-01   1.58198123e-01
  9.44000000e-01   1.57981256e-01
  9.45000000e-01   1.57715106e-01
  9.46000000e-01   1.57643112e-01
  9.47000000e-01   1.57550224e-01
  9.48000000e-01   1.57241621e-01
  9.49000000e-01   1.57295882e-01
  9.50000000e-01   1.57118805e-01
  9.51000000e-01   1.57053169e-01
  9.52000000e-01   1.56754071e-01
  9.53000000e-01   1.56497674e-01
  9.54000000e-01   1.56331954e-01
  9.55000000e-01   1.56178741e-01
  9.56000000e-01   1.56018319e-01
  9.57000000e-01   1.55854409e-01
  9.58000000e-01   1.55627815e-01
  9.59000000e-01   1.55466631e-01
  9.60000000e-01   1.55443857e-01
  9.61000000e-01   1.55379751e-01
  9.62000000e-01   1.55097637e-01
  9.63000000e-01   1.54827239e-01
  9.64000000e-01   1.54697621e-01
  9.65000000e-01   1.54657719e-01
  9.66000000e-01   1.54548474e-01
  9.67000000e-01   1.54464517e-01
  9.68000000e-01   1.54109055e-01
  9.69000000e-01   1.53868484e-01
  9.70000000e-01   1.53527906e-01
  9.71000000e-01   1.53417874e-01
  9.72000000e-01   1.53160583e-01
  9.73000000e-01   1.53043692e-01
  9.74000000e-01   1.52933289e-01
  9.75000000e-01   1.52727464e-01
  9.76000000e-01   1.52568758e-01
  9.77000000e-01   1.52437339e-01
  9.78000000e-01   1.51970469e-01
  9.79000000e-01   1.51769790e-01
  9.80000000e-01   1.51683135e-01
  9.81000000e-01   1.51416920e-01
  9.82000000e-01   1.51252022e-01
  9.83000000e-01   1.50906319e-01
  9.84000000e-01   1.50939749e-01
  9.85000000e-01   1.50667658e-01
  9.86000000e-01   1.50566809e-01
  9.87000000e-01   1.50399500e-01
  9.88000000e-01   1.50255592e-01
  9.89000000e-01   1.50481429e-01
  9.90000000e-01   1.50028456e-01
  9.91000000e-01   1.49654589e-01
  9.92000000e-01   1.49478240e-01
  9.93000000e-01   1.49146902e-01
  9.94000000e-01   1.48917729e-01
  9.95000000e-01   1.48815800e-01
  9.96000000e-01   1.48696636e-01
  9.97000000e-01   1.48563519e-01
  9.98000000e-01   1.48424737e-01
  9.99000000e-01   1.48218599e-01
  1.00000000e+00   1.47934661e-01
  1.00100000e+00   1.47795954e-01
